25 5
   -7.1497    8.7934   -9.9948   -1.2239   -8.5750
   -9.7766   -5.3097    4.1397    3.8833   -6.0634
   -4.6976   -3.4685   -8.1353   -9.1680  -24.4694
    5.1856   -3.5025    0.4364    9.0378   12.1573
    3.3796   -0.5376    2.9874    3.3127   10.1422
   -5.3971    6.0978    0.0557   -1.3194    0.4370
    4.1807    1.1053   -4.8999   -8.4960   -7.1100
    1.7820    3.4848    1.7603    0.6740    8.7012
   -0.5477   -3.5238   -1.3803    5.2980    0.8462
    9.9293   -4.6996    5.8413   -7.3078    4.7631
   -9.2893   -0.9211    1.2595   -5.3823  -13.3332
   -7.1048    3.5419   -2.9186    0.2094   -5.2720
    3.8941    1.9059    0.1222    5.5280   12.4502
    3.7041   -3.6101    6.6429    3.2164   10.9532
    1.7414   -9.6184    6.7390   -7.7200   -7.8581
    6.8084   -3.2501   -1.4113    5.8756    9.0226
   -7.1687    2.1620    8.6126    2.7289    7.3348
   -9.0446    3.9669   -4.8578    3.8180   -5.1174
   -2.7364    0.8377   -5.5572    8.1097    1.6539
   -2.5292   -8.4237   -9.3814    2.5380  -16.7962
    8.7399   -3.6013    4.9035   -4.2214    6.8207
   -7.5129    0.2816   -2.2498    9.5722    1.0911
   -4.1636    1.8469    1.4271    2.3171    2.4275
    1.2183   -4.4028   -6.9630    4.6603   -4.4873
   -9.2060    6.0324   -1.8717    6.6002    2.5550