20 3
    7.4167   -2.9438   13.7772
   -1.9970    1.9585   -9.9524
    8.2304   -7.3403   19.8010
   -9.1567   -1.9792  -20.3341
    1.9142    8.3936   -8.5653
   -4.1245    0.9008  -13.1498
    5.6336   -3.4520   10.7193
   -8.0947   -1.1663  -19.0231
   -9.4185    3.5078  -26.3447
   -7.7682   -6.0072  -13.5292
    0.6032    2.5471   -5.3407
   -2.5281    2.1291  -11.1852
    6.9278    4.0389    5.8166
   -2.1425    1.4374   -9.7224
   -5.0045    4.5469  -18.5560
   -3.1334   -8.4273   -1.8395
   -3.9554   -3.9920   -7.9188
   -9.5356   -6.4777  -16.5934
    7.2184    3.1190    7.3178
    7.1308   -4.5812   14.8427